6.219146366119385
3.3863748049736024
1.31798855856061
0.9721625518798828
0.7590311736696296
0.7772112612426281
0.6201002286374568
0.7161857894062996
0.6323772016222831
0.5696965958178043
0.50063626088202
0.5575816980004311
0.5132998065954005
0.472027297988534
0.5093526284396649
0.5466681800037623
0.48492066996792954
0.5196669359505176
0.45954611741006374
0.42551429256796836
0.4249346651550796
0.46036678828299044
0.441379339247942
0.510567416548729
0.3943697643914708
0.4053477779775858
0.45873980313539503
0.41965057007968426
0.44247474893927574
0.44114614114165307
0.3801249423623085
0.4085025557130575
0.40027113955605914
0.369096347540617
0.41323799289762975
0.4016380573809147
0.33514867536723614
0.4111735039204359
0.4161954686045647
0.4352855326980352
0.3833659832814225
0.37993652135133743
0.38061949543654916
0.374778890684247
0.3737404131916938
0.34133634991943834
0.3438769182562828
0.42287685327231883
0.32604774963800554
0.40647882752120496
0.35626961663365364
0.43006350882351396
0.32713775005605483
0.37909601368010043
0.3931550154089928
0.4517198012024164
0.3500506600572003
0.3625374925881624
0.34389138862490654
0.38722732812166216
0.3675128989335563
0.31135056994855403
0.4307083459943533
0.32375498600304126
0.34232621605473534
0.35238639697432517
0.3678272919356823
0.40688737876713277
0.31085943927367526
0.33681193470954895
0.34032129667699335
0.49727388575673104
0.3243727359092898
0.3621153565496206
0.3642160452157259
0.3300976002216339
0.3302154197461075
0.35905303075909617
0.32096516571938993
0.36149423763155936
0.36496971968423436
0.3450994945317507
0.3938207550346851
0.3367727857083082
0.36054733706017333
0.4201782488822937
0.3262683856487274
0.33760895289480686
0.3290153563160587
0.3286227637529373
0.34236760847270487
0.35178011558949945
0.33780718318842073
0.3073863164335489
0.41638082057237624
0.2914671801030636
0.3654568276747509
0.3513655734807253
0.33586670607328417
0.29573155783116817
0.3432883756166255
0.33926275707781317
0.3248268837481737
0.3382737849652767
0.34533952445619637
0.346161215826869
0.3194403337687254
0.33042823083698747
0.3582864888012409
0.3369656155258417
0.32025498177856204
0.3034418571740389
0.32799745075128695
0.39338109217584133
0.33569262765347957
0.3041789249330759
0.2974502324230141
0.3547504010051489
0.3371750724315643
0.31767469689249994
0.3234136030077934
0.3489391962438822
0.3256544880568981
0.3443988548219204
0.35355370126112745
0.28617419332265853
0.29951433688402174
0.3418487488478422
0.3226463996839744
0.3126504363119602
0.30905301854014394
0.34622502498328683
0.30940532546352456
0.341761658936739
0.3045441361516714
0.3011848856508732
0.3519763359455047
0.33596899271011355
0.3065211435779929
0.3020773234963417
0.29544422389180575
0.31922121211886406
0.3903065029531717
0.35990533627569676
0.28790242024869833
0.293227670006454
0.3335323852300644
0.32282397627830506
0.3290515759338935
0.3177829637378454
0.3178177973628044
0.3213736478984356
0.333273947307909
0.27838329926133154
0.32059279933571816
0.32632093407213686
0.3239454894706055
0.31289415299892426
0.3532729944586754
0.2990945791453123
0.3452573310997751
0.30369256243109705
0.2996940515190363
0.3061453331261873
0.3288576578100522
0.3009927973151207
0.31612552270293237
0.29124310486018656
0.32491128191489865
0.2963386491686106
0.3341408032923937
0.33965502358973026
0.2822672208012254
0.3214728394895792
0.2946229289099574
0.31500199250876904
